# ForteN PCS ICC Tension Min Max
# Via Music::Tension::Cope v.0.10 as of 2012-11-11
3-1	0,1,2           	210000  	1.800  0.800  1.000
3-10	0,3,6           	002001  	0.875  0.225  0.650
3-11	0,3,7           	001110  	0.325  0.100  0.225
3-12	0,4,8           	000300  	0.475  0.200  0.275
3-2	0,1,3           	111000  	1.225  0.225  1.000
3-3	0,1,4           	101100  	1.200  0.200  1.000
3-4	0,1,5           	100110  	1.550  0.550  1.000
3-5	0,1,6           	100011  	1.650  0.650  1.000
3-6	0,2,4           	020100  	1.000  0.200  0.800
3-7	0,2,5           	011010  	1.350  0.550  0.800
3-8	0,2,6           	010101  	1.450  0.650  0.800
3-9	0,2,7           	010020  	0.900  0.100  0.800
4-1	0,1,2,3         	321000  	2.025  0.225  1.000
4-10	0,2,3,5         	122010  	1.575  0.225  0.800
4-11	0,1,3,5         	121110  	1.775  0.225  1.000
4-12	0,2,3,6         	112101  	1.675  0.225  0.800
4-13	0,1,3,6         	112011  	1.875  0.225  1.000
4-14	0,2,3,7         	111120  	1.125  0.100  0.800
4-16	0,1,5,7         	110121  	1.650  0.100  1.000
4-17	0,3,4,7         	102210  	0.525  0.100  0.225
4-18	0,1,4,7         	102111  	1.300  0.100  1.000
4-19	0,1,4,8         	101310  	1.475  0.200  1.000
4-2	0,1,2,4         	221100  	2.000  0.200  1.000
4-20	0,1,5,8         	101220  	1.825  0.275  1.000
4-21	0,2,4,6         	030201  	1.650  0.200  0.800
4-22	0,2,4,7         	021120  	1.100  0.100  0.800
4-23	0,2,5,7         	021030  	1.450  0.100  0.800
4-24	0,2,4,8         	020301  	1.275  0.200  0.800
4-25	0,2,6,8         	020202  	1.725  0.275  0.800
4-26	0,3,5,8         	012120  	1.050  0.225  0.550
4-27	0,2,5,8         	012111  	1.625  0.275  0.800
4-28	0,3,6,9         	004002  	1.125  0.225  0.650
4-3	0,1,3,4         	212100  	1.425  0.200  1.000
4-4	0,1,2,5         	211110  	2.350  0.550  1.000
4-5	0,1,2,6         	210111  	2.450  0.650  1.000
4-6	0,1,2,7         	210021  	1.900  0.100  1.000
4-7	0,1,4,5         	201210  	1.750  0.200  1.000
4-8	0,1,5,6         	200121  	2.200  0.550  1.000
4-9	0,1,6,7         	200022  	1.750  0.100  1.000
4-z15	0,1,4,6         	111111  	1.850  0.200  1.000
4-z29	0,1,3,7         	111111  	1.325  0.100  1.000
5-1	0,1,2,3,4       	432100  	2.225  0.200  1.000
5-10	0,1,3,4,6       	223111  	2.075  0.200  1.000
5-11	0,2,3,4,7       	222220  	1.325  0.100  0.800
5-13	0,1,2,4,8       	221311  	2.275  0.200  1.000
5-14	0,1,2,5,7       	221131  	2.450  0.100  1.000
5-15	0,1,2,6,8       	220222  	2.725  0.275  1.000
5-16	0,1,3,4,7       	213211  	1.525  0.100  1.000
5-19	0,1,3,6,7       	212122  	1.975  0.100  1.000
5-2	0,1,2,3,5       	332110  	2.575  0.225  1.000
5-20	0,1,5,6,8       	211231  	2.475  0.275  1.000
5-21	0,1,4,5,8       	202420  	2.025  0.200  1.000
5-22	0,1,4,7,8       	202321  	1.575  0.100  1.000
5-23	0,2,3,5,7       	132130  	1.675  0.100  0.800
5-24	0,1,3,5,7       	131221  	1.875  0.100  1.000
5-25	0,2,3,5,8       	123121  	1.850  0.225  0.800
5-26	0,2,4,5,8       	122311  	1.825  0.200  0.800
5-27	0,1,3,5,8       	122230  	2.050  0.225  1.000
5-28	0,2,3,6,8       	122212  	1.950  0.225  0.800
5-29	0,1,3,6,8       	122131  	2.150  0.225  1.000
5-3	0,1,2,4,5       	322210  	2.550  0.200  1.000
5-30	0,1,4,6,8       	121321  	2.125  0.200  1.000
5-31	0,1,3,6,9       	114112  	2.125  0.225  1.000
5-32	0,1,4,6,9       	113221  	2.100  0.200  1.000
5-33	0,2,4,6,8       	040402  	1.925  0.200  0.800
5-34	0,2,4,6,9       	032221  	1.900  0.200  0.800
5-35	0,2,4,7,9       	032140  	1.350  0.100  0.800
5-4	0,1,2,3,6       	322111  	2.675  0.225  1.000
5-5	0,1,2,3,7       	321121  	2.125  0.100  1.000
5-6	0,1,2,5,6       	311221  	3.000  0.550  1.000
5-7	0,1,2,6,7       	310132  	2.550  0.100  1.000
5-8	0,2,3,4,6       	232201  	1.875  0.200  0.800
5-9	0,1,2,4,6       	231211  	2.650  0.200  1.000
5-z12	0,1,3,5,6       	222121  	2.425  0.225  1.000
5-z17	0,1,3,4,8       	212320  	1.700  0.200  1.000
5-z18	0,1,4,5,7       	212221  	1.850  0.100  1.000
5-z36	0,1,2,4,7       	222121  	2.100  0.100  1.000
5-z37	0,3,4,5,8       	212320  	1.250  0.200  0.550
5-z38	0,1,2,5,8       	212221  	2.625  0.275  1.000
6-1	0,1,2,3,4,5     	543210  	2.775  0.200  1.000
6-14	0,1,3,4,5,8     	323430  	2.250  0.200  1.000
6-15	0,1,2,4,5,8     	323421  	2.825  0.200  1.000
6-16	0,1,4,5,6,8     	322431  	2.675  0.200  1.000
6-18	0,1,2,5,7,8     	322242  	2.725  0.100  1.000
6-2	0,1,2,3,4,6     	443211  	2.875  0.200  1.000
6-20	0,1,4,5,8,9     	303630  	2.275  0.200  1.000
6-21	0,2,3,4,6,8     	242412  	2.150  0.200  0.800
6-22	0,1,2,4,6,8     	241422  	2.925  0.200  1.000
6-27	0,1,3,4,6,9     	225222  	2.325  0.200  1.000
6-30	0,1,3,6,7,9     	224223  	2.225  0.100  1.000
6-31	0,1,4,5,7,9     	223431  	2.100  0.100  1.000
6-32	0,2,4,5,7,9     	143250  	1.900  0.100  0.800
6-33	0,2,3,5,7,9     	143241  	1.925  0.100  0.800
6-34	0,1,3,5,7,9     	142422  	2.125  0.100  1.000
6-35	0,2,4,6,8,10    	060603  	2.625  0.200  0.800
6-5	0,1,2,3,6,7     	422232  	2.775  0.100  1.000
6-7	0,1,2,6,7,8     	420243  	2.825  0.100  1.000
6-8	0,2,3,4,5,7     	343230  	1.875  0.100  0.800
6-9	0,1,2,3,5,7     	342231  	2.675  0.100  1.000
6-z10	0,1,3,4,5,7     	333321  	2.075  0.100  1.000
6-z11	0,1,2,4,5,7     	333231  	2.650  0.100  1.000
6-z12	0,1,2,4,6,7     	332232  	2.750  0.100  1.000
6-z13	0,1,3,4,6,7     	324222  	2.175  0.100  1.000
6-z17	0,1,2,4,7,8     	322332  	2.375  0.100  1.000
6-z19	0,1,3,4,7,8     	313431  	1.800  0.100  1.000
6-z23	0,2,3,5,6,8     	234222  	2.500  0.225  0.800
6-z24	0,1,3,4,6,8     	233331  	2.350  0.200  1.000
6-z25	0,1,3,5,6,8     	233241  	2.700  0.225  1.000
6-z26	0,1,3,5,7,8     	232341  	2.150  0.100  1.000
6-z28	0,1,3,5,6,9     	224322  	2.675  0.225  1.000
6-z29	0,2,3,6,7,9     	224232  	2.025  0.100  0.800
6-z3	0,1,2,3,5,6     	433221  	3.225  0.225  1.000
6-z36	0,1,2,3,4,7     	433221  	2.325  0.100  1.000
6-z37	0,1,2,3,4,8     	432321  	2.500  0.200  1.000
6-z38	0,1,2,3,7,8     	421242  	2.400  0.100  1.000
6-z39	0,2,3,4,5,8     	333321  	2.050  0.200  0.800
6-z4	0,1,2,4,5,6     	432321  	3.200  0.200  1.000
6-z40	0,1,2,3,5,8     	333231  	2.850  0.225  1.000
6-z41	0,1,2,3,6,8     	332232  	2.950  0.225  1.000
6-z42	0,1,2,3,6,9     	324222  	2.925  0.225  1.000
6-z43	0,1,2,5,6,8     	322332  	3.275  0.275  1.000
6-z44	0,1,2,5,6,9     	313431  	3.250  0.250  1.000
6-z45	0,2,3,4,6,9     	234222  	2.125  0.200  0.800
6-z46	0,1,2,4,6,9     	233331  	2.900  0.200  1.000
6-z47	0,1,2,4,7,9     	233241  	2.350  0.100  1.000
6-z48	0,1,2,5,7,9     	232341  	2.700  0.100  1.000
6-z49	0,1,3,4,7,9     	224322  	1.775  0.100  1.000
6-z50	0,1,4,6,7,9     	224232  	2.200  0.100  1.000
6-z6	0,1,2,5,6,7     	421242  	3.100  0.100  1.000
7-1	0,1,2,3,4,5,6   	654321  	3.425  0.200  1.000
7-10	0,1,2,3,4,6,9   	445332  	3.125  0.200  1.000
7-11	0,1,3,4,5,6,8   	444441  	2.900  0.200  1.000
7-13	0,1,2,4,5,6,8   	443532  	3.475  0.200  1.000
7-14	0,1,2,3,5,7,8   	443352  	2.950  0.100  1.000
7-15	0,1,2,4,6,7,8   	442443  	3.025  0.100  1.000
7-16	0,1,2,3,5,6,9   	435432  	3.475  0.225  1.000
7-19	0,1,2,3,6,7,9   	434343  	3.025  0.100  1.000
7-2	0,1,2,3,4,5,7   	554331  	2.875  0.100  1.000
7-20	0,1,2,5,6,7,9   	433452  	3.350  0.100  1.000
7-21	0,1,2,4,5,8,9   	424641  	3.075  0.200  1.000
7-22	0,1,2,5,6,8,9   	424542  	3.525  0.250  1.000
7-23	0,2,3,4,5,7,9   	354351  	2.125  0.100  0.800
7-24	0,1,2,3,5,7,9   	353442  	2.925  0.100  1.000
7-25	0,2,3,4,6,7,9   	345342  	2.225  0.100  0.800
7-26	0,1,3,4,5,7,9   	344532  	2.325  0.100  1.000
7-27	0,1,2,4,5,7,9   	344451  	2.900  0.100  1.000
7-28	0,1,3,5,6,7,9   	344433  	2.775  0.100  1.000
7-29	0,1,2,4,6,7,9   	344352  	3.000  0.100  1.000
7-3	0,1,2,3,4,5,8   	544431  	3.050  0.200  1.000
7-30	0,1,2,4,6,8,9   	343542  	3.175  0.200  1.000
7-31	0,1,3,4,6,7,9   	336333  	2.425  0.100  1.000
7-32	0,1,3,4,6,8,9   	335442  	2.600  0.200  1.000
7-33	0,1,2,4,6,8,10  	262623  	3.625  0.200  1.000
7-34	0,1,3,4,6,8,10  	254442  	3.050  0.200  1.000
7-35	0,1,3,5,6,8,10  	254361  	3.400  0.225  1.000
7-4	0,1,2,3,4,6,7   	544332  	2.975  0.100  1.000
7-5	0,1,2,3,5,6,7   	543342  	3.325  0.100  1.000
7-6	0,1,2,3,4,7,8   	533442  	2.600  0.100  1.000
7-7	0,1,2,3,6,7,8   	532353  	3.050  0.100  1.000
7-8	0,2,3,4,5,6,8   	454422  	2.700  0.200  0.800
7-9	0,1,2,3,4,6,8   	453432  	3.150  0.200  1.000
7-z12	0,1,2,3,4,7,9   	444342  	2.575  0.100  1.000
7-z17	0,1,2,4,5,6,9   	434541  	3.450  0.200  1.000
7-z18	0,1,4,5,6,7,9   	434442  	2.750  0.100  1.000
7-z36	0,1,2,3,5,6,8   	444342  	3.500  0.225  1.000
7-z37	0,1,3,4,5,7,8   	434541  	2.350  0.100  1.000
7-z38	0,1,2,4,5,7,8   	434442  	2.925  0.100  1.000
8-1	0,1,2,3,4,5,6,7 	765442  	3.525  0.100  1.000
8-10	0,2,3,4,5,6,7,9 	566452  	2.775  0.100  0.800
8-11	0,1,2,3,4,5,7,9 	565552  	3.125  0.100  1.000
8-12	0,1,3,4,5,6,7,9 	556543  	2.975  0.100  1.000
8-13	0,1,2,3,4,6,7,9 	556453  	3.225  0.100  1.000
8-14	0,1,2,4,5,6,7,9 	555562  	3.550  0.100  1.000
8-16	0,1,2,3,5,7,8,9 	554563  	3.200  0.100  1.000
8-17	0,1,3,4,5,6,8,9 	546652  	3.150  0.200  1.000
8-18	0,1,2,3,5,6,8,9 	546553  	3.750  0.225  1.000
8-19	0,1,2,4,5,6,8,9 	545752  	3.725  0.200  1.000
8-2	0,1,2,3,4,5,6,8 	665542  	3.700  0.200  1.000
8-20	0,1,2,4,5,7,8,9 	545662  	3.175  0.100  1.000
8-21	0,1,2,3,4,6,8,10	474643  	3.850  0.200  1.000
8-22	0,1,2,3,5,6,8,10	465562  	4.200  0.225  1.000
8-23	0,1,2,3,5,7,8,10	465472  	3.650  0.100  1.000
8-24	0,1,2,4,5,6,8,10	464743  	4.175  0.200  1.000
8-25	0,1,2,4,6,7,8,10	464644  	3.725  0.100  1.000
8-26	0,1,3,4,5,7,8,10	456562  	3.050  0.100  1.000
8-27	0,1,2,4,5,7,8,10	456553  	3.625  0.100  1.000
8-28	0,1,3,4,6,7,9,10	448444  	3.125  0.100  1.000
8-3	0,1,2,3,4,5,6,9 	656542  	3.675  0.200  1.000
8-4	0,1,2,3,4,5,7,8 	655552  	3.150  0.100  1.000
8-5	0,1,2,3,4,6,7,8 	654553  	3.250  0.100  1.000
8-6	0,1,2,3,5,6,7,8 	654463  	3.600  0.100  1.000
8-7	0,1,2,3,4,5,8,9 	645652  	3.300  0.200  1.000
8-8	0,1,2,3,4,7,8,9 	644563  	2.850  0.100  1.000
8-9	0,1,2,3,6,7,8,9 	644464  	3.300  0.100  1.000
8-z15	0,1,2,3,4,6,8,9 	555553  	3.400  0.200  1.000
8-z29	0,1,2,3,5,6,7,9 	555553  	3.575  0.100  1.000
9-1	0,1,2,3,4,5,6,7,8	876663  	3.800  0.100  1.000
9-10	0,1,2,3,4,6,7,9,10	668664  	3.925  0.100  1.000
9-11	0,1,2,3,5,6,7,9,10	667773  	4.275  0.100  1.000
9-12	0,1,2,4,5,6,8,9,10	666963  	4.425  0.200  1.000
9-2	0,1,2,3,4,5,6,7,9	777663  	3.775  0.100  1.000
9-3	0,1,2,3,4,5,6,8,9	767763  	3.950  0.200  1.000
9-4	0,1,2,3,4,5,7,8,9	766773  	3.400  0.100  1.000
9-5	0,1,2,3,4,6,7,8,9	766674  	3.500  0.100  1.000
9-6	0,1,2,3,4,5,6,8,10	686763  	4.400  0.200  1.000
9-7	0,1,2,3,4,5,7,8,10	677673  	3.850  0.100  1.000
9-8	0,1,2,3,4,6,7,8,10	676764  	3.950  0.100  1.000
9-9	0,1,2,3,5,6,7,8,10	676683  	4.300  0.100  1.000
